8
110802818587313055012810590969
8
818496331091361023678877813716
3
572202067898654320984101397089
6
127667198265729948950221546701
8
167254144370587652551749174765
5
876001132644130657235946230080
4
232669746844385223049037198970
8
234691882570994597689256307291
8
715550936971317694007328506308
3
680663284174592723539748748520
7
786027782307031129714230243300
5
378236614456606450799541134770
3
670150262802221988788249969698
7
076704821837487210517666694816
7
107026206526801081163313063417
4
858911403443790490547405097979
4
662218093254768811135740683051
8
751119696306102383288761179129
8
188753491440165726401738620217
6
076732757868034244900409674149
5
805099697526157290902063320000
8
527850021725143427134348760515
8
133281072738326434347984052755
8
369326947811769299131660313328
8
615513535917195615953884251635
7
609229561170057379222045467128
8
847423756143243448576139626521
6
670440517197525476722380350582
8
825507836362055940394719598678
8
726318772984519040646288531672
6
333276405308421494440123174782
5
945650489900610824351199612260
7
635821435385809441433140960105
7
213141753557594143442927198969
4
589670398645628984469460204616
3
138387489417008974058677320785
4
610061017438153266996638971987
5
349640743285199238832542048799
8
685591377929821657217258490351
4
730725692574132984644277102984
6
286472780085649038344765338898
7
913368506626656485608995361878
7
584085101255694305458599279799
6
883306806041147462073272575983
3
692628465805360832065679514161
3
449496742995924090110115281462
4
379080536963764112604618470334
7
037532284354594254481036891733
8
429730388120832442553737151458
5
755451721407788140387330784873