240740332226818373782180127238
766259232699066005138533049215
515625980828298110038437584261
223798420078674573013109232745
513617502220989773760553273026
197467376402898903989523147625
160720703962498074406179540262
454390260626389098548045079944
628161318378403959367288195826
680056228965882634756308069325
455619512203139201413306473502
947738750413071428949497463547
837207911510566788888062437512
739793933896093268488144707093
441128438699844482703275423078
839143089649537135685284750180
743390159044773972929254830361
084514177930061785229610137688
990546224727659575486062689506
619579615519015444192602109780
238383292738428178910520167668
237784209128381818412251943674
631522897236931329316680206097
252943628369734757812148946115
983769834811795575914712663188
935882905223740948251101361360
683175461744909961985971603392
811069113941711500024988196167
271124449281522046896514242347
248382500838999462164558507515
312792412216184056358580240873
396912926789926734293287623938
749274983355651366143026361771
543255565945035763537530990295
232056599594169199395545099200
390116924626963444624489638752
287642546142894257871682170540
835588511015607520727149396138
324233841107798361708324254507
740351809140616404284576214160
978655514670500781199125923147
063508375962978783291996009695
392145651644404071517732221973
518809949686816997412237142280
757189441396625377098045665293
109384605970694060940701109948
609525922461201221534188160616
825011589228087010662182742041
864135107555250264819659143878
779358978996553950461584783396